K11089018002509070001025090711089000000                                                                        KOT
111089018000000002044800000001489970038613766 00000001700000000000000000000029400000000000006000000000000000000  
111089018000000002004800000001636780036291177 00000001700000000000000000000028700000000000006000000000000000000  
111089018000000001107700000002052140022852107 00000001600000000000000000000032500000000000006000000000000000000  
111089018000000001107700000001527340052970167 00000001800000000000000000000007000000000000006000000000000000000  
111089018000000005218300000008148060206862476 00000001210000000000000000000158300000000000006000000000000000000  
111089018000000001271200000004173380040575862  00000001800000000000000000000004700000000000006000000000000000000  
111089018000000001096100000055927070208338020 00000001300000000000000000000151700000000000006000000000000000000  
111089018000000001253300000005286230208684605 00000001700000000000000000000147600000000000006000000000000000000  
111089018000000001107700001278249890204084362      00000001570000000000000000000014800000000000006000000000000000000  
111089018000000001107700000001315590323070409 00000001700000000000000000000150000000000000006000000000000000000  
111089018000000001107700001686682800315562314  00000001500000000000000000000028600000000000006000000000000000000  
111089018000000001065700000020613640301226494  00000001300000000000000000000017000000000000006000000000000000000  
111089018000000001089700000035710790301768503 00000000680000000000000000000002300000000000006000000000000000000  
111089018000000001271900000005209670037560422 '' 00000001800000000000000000000013200000000000006000000000000000000  
111089018000000001110600000003837360322895699 00000001210000000000000000000159800000000000006000000000000000000  
111089018000000001265500000006500010300395845 00000001390000000000000000000003800000000000006000000000000000000  
111089018000000001272400000002887670033850371 00000001700000000000000000000014900000000000006000000000000000000  
111089018000000005218700000006130370034475368 00000001180000000000000000000018100000000000006000000000000000000  
111089018000000001110700001213008800029991346  00000001300000000000000000000019600000000000006000000000000000000  
111089018000000005218700000006870600032016727 00000001300000000000000000000008600000000000006000000000000000000  
111089018000000001271200000004292390313158917 00000001300000000000000000000017500000000000006000000000000000000  
111089018000000001107700002106510850038103438 00000001500000000000000000000138700000000000006000000000000000000  
111089018000000002046800000001389700038361531  00000001180000000000000000000027000000000000006000000000000000000  
111089018000000001271200000003848550040177347  00000001700000000000000000000011800000000000006000000000000000000  
111089018000000001107700000001700660021800768 00000001800000000000000000000021900000000000006000000000000000000  
111089018000000001107700001456820230345528905  00000000620000000000000000000033600000000000006000000000000000000  
111089018000000002044400000002961850205460819  00000001012000000000000000000002600000000000006000000000000000000  
111089018000000001271200000004161610038018594 00000001500000000000000000000003100000000000006000000000000000000  
111089018000000000414000000004179230315246405  00000001160000000000000000000139500000000000006000000000000000000  
111089018000000001107700000001290230315173252 00000001500000000000000000000123000000000000006000000000000000000  
111089018000000001107700000001728240029640687  00000001300000000000000000000088500000000000006000000000000000000  
111089018000000001089500000023958750315090597    00000001450000000000000000000159300000000000006000000000000000000  
111089018000000001109500001622998010214209520 00000001100000000000000000000156600000000000006000000000000000000  
111089018000000000900100000076857120027830579 00000001800000000000000000000017800000000000006000000000000000000  
111089018000000001271200000004136260059808022  00000001180000000000000000000026200000000000006000000000000000000  
111089018000000001271200000004247680311189542 00000001300000000000000000000025500000000000006000000000000000000  
111089018000000001247600000000904070302164157 -00000001400000000000000000000005100000000000006000000000000000000  
111089018000000001089700000510952570029615317 00000001700000000000000000000030400000000000006000000000000000000  
111089018000000001271200000005142280039794847 00000001180000000000000000000019400000000000006000000000000000000  
111089018000000001272100000006964320206583072 00000001000000000000000000000039700000000000006000000000000000000  
111089018000000004652700000001821000065965220  00000001700000000000000000000154800000000000006000000000000000000  
111089018000000005218300000008051300208458430  00000001700000000000000000000040400000000000006000000000000000000  
111089018000000001271200000004021870066255019  00000001800000000000000000000092800000000000006000000000000000000  
111089018000000001272100000000294440201653110  00000001480000000000000000000003200000000000006000000000000000000  
111089018000000001272100000002022510213531486  00000001300000000000000000000159900000000000006000000000000000000  
111089018000000000000000000000000000053574844 00000001550000000000000000000031700000000000006000000000000000000  
111089018000000001271200000004967340214426652  00000000780000000000000000000159100000000000006000000000000000000  
111089018000000000427900000001402660040234528 00000001800000000000000000000032700000000000006000000000000000000  
111089018000000000900100000085315340056694144 00000001700000000000000000000021700000000000006000000000000000000  
111089018000000001107700000769956090036860617 00000001800000000000000000000090800000000000006000000000000000000  
111089018000000005218700000006484180034743906 00000001800000000000000000000025300000000000006000000000000000000  
111089018000000001271200000004075530034926279 00000001180000000000000000000025600000000000006000000000000000000  
111089018000000001271200000003895040060955101 00000001400000000000000000000024100000000000006000000000000000000  
111089018000000000900100000212789190301280384  00000001700000000000000000000001100000000000006000000000000000000  
111089018000000001107700000001284180322960246 00000000742000000000000000000145900000000000006000000000000000000  
111089018000000001272100000006296600060744828  00000001700000000000000000000023600000000000006000000000000000000  
111089018000000001270600000000133950038107439  00000001400000000000000000000022800000000000006000000000000000000  
111089018000000002044700000002150110022600969    00000001500000000000000000000021200000000000006000000000000000000  
111089018000000001773600000000646140318833035  00000001210000000000000000000152600000000000006000000000000000000  
111089018000000001247500000001243080212300198 00000001500000000000000000000154300000000000006000000000000000000  
111089018000000001107700001678113060318207081 00000001180000000000000000000005400000000000006000000000000000000  
111089018000000001107700002063747570213934110  00000001300000000000000000000158600000000000006000000000000000000  
111089018000000001271200000001248980206764755 00000001450000000000000000000146200000000000006000000000000000000  
111089018000000005218700000007056110315139493    00000001400000000000000000000151500000000000006000000000000000000  
111089018000000001113700001369578800315545707  00000001200000000000000000000001000000000000006000000000000000000  
111089018000000000423300000001131340208681866 00000001400000000000000000000008900000000000006000000000000000000  
111089018000000001107700000001575900313551574 00000000900000000000000000000020200000000000006000000000000000000  
111089018000000005218800000006859840208090837  00000001500000000000000000000129700000000000006000000000000000000  
111089018000000001265500000003038810207959685  00000000820000000000000000000155900000000000006000000000000000000  
111089018000000005218100000001929830208556688 00000001650000000000000000000154900000000000006000000000000000000  
111089018000000001107700001150251640201286283 00000001080000000000000000000028000000000000006000000000000000000  
111089018000000001114700001336136170209195007 00000001300000000000000000000147300000000000006000000000000000000  
111089018000000001271200000004952310324253632 00000001300000000000000000000152900000000000006000000000000000000  
111089018000000001247500000001488430208096099  00000001700000000000000000000159200000000000006000000000000000000  
111089018000000001434800000002036910208734038  00000001300000000000000000000139800000000000006000000000000000000  
111089018000000001774500000000880680314616046  00000001590000000000000000000144300000000000006000000000000000000  
111089018000000001270200000000180410209144252 00000001500000000000000000000157200000000000006000000000000000000  
111089018000000000000000000000000000213011158 00000001800000000000000000000160000000000000006000000000000000000  
111089018000000005218700000006907240304937741  00000001570000000000000000000010700000000000006000000000000000000  
111089018000000001774200000000455550208447953 00000001500000000000000000000023900000000000006000000000000000000  
111089018000000005218700000006545150301094017 00000001570000000000000000000019200000000000006000000000000000000  
111089018000000001272100000001481090316532811 00000001180000000000000000000036300000000000006000000000000000000  
111089018000000001094200000283589890312124274 00000000910000000000000000000155600000000000006000000000000000000  
111089018000000001271200000004813030206015893 00000000620000000000000000000009700000000000006000000000000000000  
111089018000000005218800000007044450203423405 00000001400000000000000000000155000000000000006000000000000000000  
111089018000000001107700001969187170205809270 00000001685000000000000000000023700000000000006000000000000000000  
111089018000000001062100000014311410302262563  00000001500000000000000000000019000000000000006000000000000000000  
111089018000000001089700000068506450324040088  00000001400000000000000000000145200000000000006000000000000000000  
111089018000000001109500001964941780212401350  00000001520000000000000000000158800000000000006000000000000000000  
111089018000000001107700001780177890212123640  00000001300000000000000000000150500000000000006000000000000000000  
111089018000000001272100000002452790204359954 00000001390000000000000000000022400000000000006000000000000000000  
111089018000000001271200000004834110207146739 00000001000000000000000000000011600000000000006000000000000000000  
111089018000000005218700000006880530314886623  00000001480000000000000000000154600000000000006000000000000000000  
111089018000000001272100000001421270207219353 00000001300000000000000000000130600000000000006000000000000000000  
111089018000000001089700000033453830307931147  00000001570000000000000000000003600000000000006000000000000000000  
111089018000000005218700000007024040315630111 00000000242000000000000000000139300000000000006000000000000000000  
111089018000000001062100000016612170209117787 00000001115000000000000000000148400000000000006000000000000000000  
111089018000000001253800000005635080316393990 00000001000000000000000000000042500000000000006000000000000000000  
111089018000000005218700000007906800208792127  00000001400000000000000000000003900000000000006000000000000000000  
111089018000000001107700002164098390312534993 00000001180000000000000000000150100000000000006000000000000000000  
111089018000000001113900001528005830319041067  00000001300000000000000000000145000000000000006000000000000000000  
111089018000000001110900001999477770325038289  00000000796000000000000000000159400000000000006000000000000000000  
111089018000000005218700000007051440211552179 00000000980000000000000000000146700000000000006000000000000000000  
111089018000000002044400000006007200302541073 00000001210000000000000000000003300000000000006000000000000000000  
111089018000000001271200000004939210211923016 00000001300000000000000000000153700000000000006000000000000000000  
111089018000000001270500000000859200205366933  00000001980000000000000000000022100000000000006000000000000000000  
111089018000000001113900000000610460201535762  00000001150000000000000000000014200000000000006000000000000000000  
111089018000000001113900000931439250300539335  00000001700000000000000000000014100000000000006000000000000000000  
111089018000000001107700002104095350212686372 00000001710000000000000000000158000000000000006000000000000000000  
111089018000000001076600000054703140207065780  00000001320000000000000000000144100000000000006000000000000000000  
111089018000000001107700002500346720213290182  00000000910000000000000000000155100000000000006000000000000000000  
111089018000000001271200000004757370316512938  00000001000000000000000000000022000000000000006000000000000000000  
111089018000000001107700002010495050203234836  00000000995000000000000000000027500000000000006000000000000000000  
111089018000000001116700001383039850207773102 00000001390000000000000000000146500000000000006000000000000000000  
111089018000000005217200000001199700207506460 00000001570000000000000000000158100000000000006000000000000000000  
111089018000000001106400001486922910209456219 00000000880000000000000000000040300000000000006000000000000000000  
111089018000000001107700002070078630315291765  00000001590000000000000000000136700000000000006000000000000000000  
111089018000000001265500000002898030313387813  00000001410000000000000000000148300000000000006000000000000000000  
111089018000000001269800000005801090200628857 00000001390000000000000000000019800000000000006000000000000000000  
111089018000000001247500000000781360211470927 00000001300000000000000000000156000000000000006000000000000000000  
111089018000000001096000000034817390200687549 00000001500000000000000000000015600000000000006000000000000000000  
111089018000000002044800000003273950322784307 00000001200000000000000000000144700000000000006000000000000000000  
111089018000000001085600000046459940204749584 00000000880000000000000000000023000000000000006000000000000000000  
111089018000000001107700000000458060301728341  00000001106500000000000000000025900000000000006000000000000000000  
111089018000000001076600000053873940207176579  00000001570000000000000000000139000000000000006000000000000000000  
111089018000000001107700002123228010211653910 00000001000000000000000000000044600000000000006000000000000000000  
111089018000000005218800000007330910324254671  00000001500000000000000000000150400000000000006000000000000000000  
111089018000000001107700001613076570209073550 00000001600000000000000000000041600000000000006000000000000000000  
111089018000000002051300000002971140208083162 00000001400000000000000000000151300000000000006000000000000000000  
111089018000000001266400000006968990203405139  00000001210000000000000000000020500000000000006000000000000000000  
111089018000000001105800001170228390203231113 00000001210000000000000000000022500000000000006000000000000000000  
111089018000000001271200000004222500300645165  00000001570000000000000000000147500000000000006000000000000000000  
111089018000000000414000000003661050324091826  00000000875000000000000000000153200000000000006000000000000000000  
111089018000000005218700000007276230324989953 00000001800000000000000000000157900000000000006000000000000000000  
111089018000000001270500000000699920205963622 00000001300000000000000000000013900000000000006000000000000000000  
111089018000000001107700000001534980212222806  00000001120000000000000000000159600000000000006000000000000000000  
111089018000000001107700001844484350213292709  00000001300000000000000000000158500000000000006000000000000000000  
111089018000000001091100000054106970316321496 00000001570000000000000000000159000000000000006000000000000000000  
111089018000000001089700000067621500314744475 00000001210000000000000000000146100000000000006000000000000000000  
111089018000000001089700000002250200300745171 00000001570000000000000000000148700000000000006000000000000000000  
111089018000000001271200000004816800211954490   00000001570000000000000000000149500000000000006000000000000000000  
111089018000000001271200000004265230204101901  00000001480000000000000000000003500000000000006000000000000000000  
111089018000000001107700000000767010313447369 00000001070000000000000000000013100000000000006000000000000000000  
111089018000000003100800000006084110212347322  00000001800000000000000000000155200000000000006000000000000000000  
111089018000000001271200000004737850315582981  00000001570000000000000000000026300000000000006000000000000000000  
111089018000000001271200000004321750207463803  00000001300000000000000000000036600000000000006000000000000000000  
111089018000000001271200000006285450322666017  00000001300000000000000000000155400000000000006000000000000000000  
111089018000000001269500000004790670313518714 00000002200000000000000000000130800000000000006000000000000000000  
111089018000000001106400001337615430315697292 00000001180000000000000000000044400000000000006000000000000000000  
111089018000000001106400001362152050312182249  00000001600000000000000000000131000000000000006000000000000000000  
111089018000000005218700000007908930308133776 00000001300000000000000000000138100000000000006000000000000000000  
111089018000000005218700000007250720214211443  00000001570000000000000000000158700000000000006000000000000000000  
111089018000000005218000000008884300207462250  00000001480000000000000000000148500000000000006000000000000000000  
111089018000000005218300000000195420206408783 00000001185000000000000000000147900000000000006000000000000000000  
111089018000000002044800000003265260324184522 00000001500000000000000000000139600000000000006000000000000000000  
111089018000000001107700001672955960323114298 00000001120000000000000000000146600000000000006000000000000000000  
111089018000000001107700002032824010325111979   00000000850000000000000000000150600000000000006000000000000000000  
111089018000000001271200000004874330318409547  00000001600000000000000000000140000000000000006000000000000000000  
111089018000000002052300000002045770305795015   00000001800000000000000000000022700000000000006000000000000000000  
111089018000000001107700001667777320208782805 00000001200000000000000000000030000000000000006000000000000000000  
111089018000000001104500001513051980314837576  00000000940000000000000000000145700000000000006000000000000000000  
111089018000000001271200000004227490204575781 00000001210000000000000000000027800000000000006000000000000000000  
111089018000000001091100000700148820205452030  00000001300000000000000000000032400000000000006000000000000000000  
111089018000000000900100000223178630308868033  00000001390000000000000000000026500000000000006000000000000000000  
111089018000000001089700000053296610318309754  00000001012000000000000000000028500000000000006000000000000000000  
111089018000000001104900001036081000305251407 00000000800000000000000000000016000000000000006000000000000000000  
111089018000000001113900001954510410315285486 00000001600000000000000000000148000000000000006000000000000000000  
111089018000000001089700000059602500318958303 00000001480000000000000000000151900000000000006000000000000000000  
111089018000000001107700000001522890203253265  00000001370000000000000000000017200000000000006000000000000000000  
111089018000000001107700000001834940212834899 00000001210000000000000000000153900000000000006000000000000000000  
111089018000000001107700001673353180205431034 00000001570000000000000000000009100000000000006000000000000000000  
111089018000000001087900000566832090327097978 00000001400000000000000000000017900000000000006000000000000000000  
111089018000000001272100000000193330308816941 00000001800000000000000000000001900000000000006000000000000000000  
111089018000000001089700000056872360208793109 00000001180000000000000000000029700000000000006000000000000000000  
111089018000000001272100000001090810304998602  00000001039000000000000000000021100000000000006000000000000000000  
111089018000000001085800000032837980200408714 00000001700000000000000000000015000000000000006000000000000000000  
111089018000000005218000000008793630209438191  00000000742000000000000000000156400000000000006000000000000000000  
111089018000000001107700000001183820204575898  00000001390000000000000000000017600000000000006000000000000000000  
111089018000000001089700000042851700308243500 00000001305000000000000000000020600000000000006000000000000000000  
111089018000000001773400000000868040323058255    00000001800000000000000000000138400000000000006000000000000000000  
111089018000000001272100000001751300214212870 00000001400000000000000000000156500000000000006000000000000000000  
111089018000000005218700000006888810316533918 00000000425000000000000000000026600000000000006000000000000000000  
111089018000000001113900001778267990318168101 00000001800000000000000000000123100000000000006000000000000000000  
111089018000000001107700001625310890206714685  00000001500000000000000000000130700000000000006000000000000000000  
111089018000000001113900001597490010315237339 00000001400000000000000000000137000000000000006000000000000000000  
111089018000000001272100000000896090308488113 00000001300000000000000000000029000000000000006000000000000000000  
111089018000000001105800001656599650212564926 00000001380000000000000000000158200000000000006000000000000000000  
111089018000000001271200000005016810207488156 00000000800000000000000000000143400000000000006000000000000000000  
111089018000000001089700000059112670213276611 00000001300000000000000000000152700000000000006000000000000000000  
111089018000000001274300000000796490209802636 00000001000000000000000000000035700000000000006000000000000000000  
111089018000000001107700000001259660305552739 00000001600000000000000000000027300000000000006000000000000000000  
111089018000000001271200000005092670315247866  00000001050000000000000000000156100000000000006000000000000000000  
111089018000000005217200000000478800324922608 00000001300000000000000000000159500000000000006000000000000000000  
111089018000000001096600000036686700211910435 00000001300000000000000000000137500000000000006000000000000000000  
111089018000000001076600000049169890207447236 00000001200000000000000000000026700000000000006000000000000000000  
111089018000000001113900000002331810207619230  '00000001300000000000000000000143900000000000006000000000000000000  
111089018000000001229000000001304760322436023 00000001570000000000000000000157300000000000006000000000000000000  
111089018000000001255600000004584190316074574  00000001012000000000000000000136400000000000006000000000000000000  
111089018000000001765000001011152120204431456 00000001300000000000000000000030600000000000006000000000000000000  
111089018000000001270500000000324440204515183 00000001285000000000000000000032300000000000006000000000000000000  
111089018000000001107700001622344320316241132  00000001480000000000000000000001300000000000006000000000000000000  
111089018000000002052100000003473110322654328  00000001980000000000000000000158900000000000006000000000000000000  
111089018000000005218700000006840070312148257  00000001012000000000000000000018400000000000006000000000000000000  
111089018000000001089700000035527700200738144    00000001400000000000000000000016900000000000006000000000000000000  
111089018000000001089700000060379660212123624 00000000893000000000000000000146800000000000006000000000000000000  
111089018000000002046800000002838570211501945 00000001500000000000000000000151000000000000006000000000000000000  
111089018000000001062100000021807210323058990  00000001210000000000000000000156300000000000006000000000000000000  
111089018000000001089700000003212230206703589  00000001012000000000000000000156800000000000006000000000000000000  
111089018000000001090400000087693080212011159  00000001570000000000000000000154200000000000006000000000000000000  
111089018000000001253800000005382520206831034 00000001480000000000000000000153300000000000006000000000000000000  
111089018000000001253900000002202800204051072 00000001570000000000000000000012800000000000006000000000000000000  
111089018000000001110600001593869440208790402  00000001800000000000000000000010200000000000006000000000000000000  
111089018000000001062100000027953800211534532 00000001500000000000000000000144500000000000006000000000000000000  
111089018000000001066200000015934560200314144  00000001500000000000000000000001600000000000006000000000000000000  
111089018000000001107700002090415460211381082 00000001350000000000000000000153100000000000006000000000000000000  
111089018000000005218800000005964770208090654 00000001570000000000000000000145500000000000006000000000000000000  
111089018000000001107700001726912080212546048  00000001300000000000000000000153600000000000006000000000000000000  
111089018000000002057000000001619000324254150 00000001800000000000000000000155300000000000006000000000000000000  
111089018000000002052300000002495540315297473  00000000800000000000000000000146300000000000006000000000000000000  
111089018000000005218300000007932510300593936  00000001255000000000000000000018700000000000006000000000000000000  
111089018000000001271200000004561630208798389 00000001570000000000000000000009800000000000006000000000000000000  
111089018000000001271200000004945450207449133  00000001400000000000000000000044700000000000006000000000000000000  
111089018000000001271200000004679240312505068 00000001100000000000000000000013700000000000006000000000000000000  
111089018000000001107700000000544220203879309  00000001400000000000000000000009400000000000006000000000000000000  
111089018000000002044800000001709330300277001  00000001800000000000000000000008700000000000006000000000000000000  
111089018000000001107700001817486160325030088 00000001500000000000000000000159700000000000006000000000000000000  
111089018000000005218000000008439540315559294 00000001570000000000000000000040900000000000006000000000000000000  
111089018000000001107700001450996110206341463  00000001390000000000000000000026800000000000006000000000000000000  
111089018000000001272100000001489660211773098  00000001300000000000000000000147200000000000006000000000000000000  
111089018000000002044800000002536420206191884 00000001200000000000000000000015100000000000006000000000000000000  
111089018000000001085600000071107320322962317 00000001150000000000000000000153800000000000006000000000000000000  
111089018000000001265500000002035420308244045 00000001700000000000000000000015500000000000006000000000000000000  
111089018000000005218700001056883340204089981 00000001685000000000000000000019300000000000006000000000000000000  
111089018000000001110900001257967160204044325 00000001480000000000000000000010300000000000006000000000000000000  
111089018000000001110600000000152810200543833 00000000940000000000000000000021500000000000006000000000000000000  
111089018000000001076600000049055040342452067 00000001685000000000000000000030300000000000006000000000000000000  
111089018000000001272100000004742860315321414  00000001100000000000000000000144400000000000006000000000000000000  
111089018000000005218700000006664670303097976 00000002070000000000000000000018000000000000006000000000000000000  
111089018000000001253300000004385940204809552 00000001570000000000000000000028300000000000006000000000000000000  
111089018000000000427900000001766860208693309  00000001500000000000000000000041800000000000006000000000000000000  
111089018000000001113900001090126170302651674  00000000844000000000000000000019500000000000006000000000000000000  
111089018000000001089700000045503780308555549 00000001570000000000000000000011400000000000006000000000000000000  
111089018000000001107700002059878600207931965 00000001650000000000000000000138500000000000006000000000000000000  
111089018000000001253800000005449290324091172  00000001480000000000000000000154000000000000006000000000000000000  
111089018000000001106400000002071050323805168  00000001030000000000000000000154400000000000006000000000000000000  
111089018000000001089700000061177730318929122 00000001180000000000000000000035500000000000006000000000000000000  
111089018000000001271200000004838100322244476 00000001120000000000000000000150800000000000006000000000000000000  
111089018000000005218700000006999340205466766 00000001400000000000000000000116500000000000006000000000000000000  
111089018000000005218700001056946600305144321 00000001120000000000000000000028800000000000006000000000000000000  
111089018000000001260400000006986920211591706 00000001300000000000000000000156900000000000006000000000000000000  
111089018000000001271200000005107450230613408    00000000742000000000000000000153000000000000006000000000000000000  
111089018000000002057700000002201200322771494  00000001300000000000000000000155700000000000006000000000000000000  
111089018000000005218700000006916020315615252  00000001570000000000000000000009200000000000006000000000000000000  
111089018000000001272100000001264660326935459 00000001096000000000000000000009300000000000006000000000000000000  
111089018000000001271200000005319470316476688 00000001700000000000000000000010400000000000006000000000000000000  
111089018000000001272100000001943990325926566 00000001570000000000000000000154700000000000006000000000000000000  
111089018000000003113100000003367720213777477  00000001500000000000000000000157100000000000006000000000000000000  
111089018000000001091600000075577010208692749 00000001570000000000000000000153400000000000006000000000000000000  
111089018000000005218700000007218830207830829  00000001385000000000000000000151400000000000006000000000000000000  
111089018000000002044500000002833540319118907  00000001380000000000000000000038600000000000006000000000000000000  
111089018000000001107700001741742860322506924  00000000800000000000000000000151800000000000006000000000000000000  
111089018000000002045800000004514550211474671 00000001500000000000000000000152500000000000006000000000000000000  
111089018000000001090500000048649220205412372  00000001800000000000000000000040000000000000006000000000000000000  
111089018000000002052300000002485070322676305  00000001120000000000000000000134800000000000006000000000000000000  
111089018000000002049200000002016280207347261 00000001500000000000000000000128900000000000006000000000000000000  
111089018000000001088200000465166790315018648 00000001550000000000000000000012700000000000006000000000000000000  
111089018000000001774600000000338750315745505 '00000001800000000000000000000131100000000000006000000000000000000  
111089018000000001271200000004948040212328116  00000001300000000000000000000146400000000000006000000000000000000  
111089018000000001271200000004092460314794975 00000001370000000000000000000025000000000000006000000000000000000  
111089018000000000411600000000331180312522857  00000001180000000000000000000021000000000000006000000000000000000  
111089018000000001089700000065682400342688801  00000002070000000000000000000010000000000000006000000000000000000  
111089018000000001107700000001609150204392856 '00000001700000000000000000000003000000000000006000000000000000000  
111089018000000001113900000002344980212122311 00000001750000000000000000000157700000000000006000000000000000000  
111089018000000005218700000007001930206733545 00000001390000000000000000000012100000000000006000000000000000000  
111089018000000001271200000004957380211390190 00000001180000000000000000000131400000000000006000000000000000000  
111089018000000001253300000000108710324953728 00000001290000000000000000000147000000000000006000000000000000000  
111089018000000001107700001918428870325016657  00000001120000000000000000000139700000000000006000000000000000000  
111089018000000001272100000001484880212562094  00000001570000000000000000000148800000000000006000000000000000000  
111089018000000001062100000013757060314987975 '00000001012000000000000000000147700000000000006000000000000000000  
111089018000000001107700000001396220212831689  00000001570000000000000000000149600000000000006000000000000000000  
111089018000000001107700002046741920318366143 00000001070000000000000000000015800000000000006000000000000000000  
111089018000000001110600001091190470307909051  00000001480000000000000000000008100000000000006000000000000000000  
111089018000000001107700000001639220212388169  00000001300000000000000000000157500000000000006000000000000000000  
111089018000000001272100000004952080324219484 00000000940000000000000000000156700000000000006000000000000000000  
111089018000000001272300000005820000207345000  00000001500000000000000000000123200000000000006000000000000000000  
111089018000000001107700001691784650322356247  00000000850000000000000000000150200000000000006000000000000000000  
111089018000000001062100000025656960318954856 00000001800000000000000000000042300000000000006000000000000000000  
111089018000000005218000000008587730209102045 00000000725000000000000000000042800000000000006000000000000000000  
111089018000000001113900000001214130207146432 00000001500000000000000000000138200000000000006000000000000000000  
111089018000000001097000000058665950206873598 00000000880000000000000000000045600000000000006000000000000000000  
111089018000000001271200000004654560318293677 00000001390000000000000000000004100000000000006000000000000000000  
111089018000000001244600000001651580322367962 00000001500000000000000000000121700000000000006000000000000000000  
111089018000000001271200000004938160318762119  00000001300000000000000000000044900000000000006000000000000000000  
111089018000000004652700000001701940211422142  00000001300000000000000000000152300000000000006000000000000000000  
111089018000000001271200000004543140203341029  00000000850000000000000000000004900000000000006000000000000000000  
111089018000000001113900001416065940207819350  00000001150000000000000000000006200000000000006000000000000000000  
111089018000000005218600000000561410315120931 00000001210000000000000000000137200000000000006000000000000000000  
111089018000000001271200000003908200313772014 00000001550000000000000000000007400000000000006000000000000000000  
111089018000000000900100000240448720206243644  00000001012000000000000000000015700000000000006000000000000000000  
111089018000000001106400001290898790313315822  00000001096000000000000000000031000000000000006000000000000000000  
111089018000000001107700002157438320213303175 00000001120000000000000000000157600000000000006000000000000000000  
111089018000000001263300000000743320322338617 00000001390000000000000000000149300000000000006000000000000000000  
111089018000000001274600000002911320305161820 00000001800000000000000000000040800000000000006000000000000000000  
111089018000000001271200000004666570315556381 00000001062400000000000000000011700000000000006000000000000000000  
111089018000000005218700000006866330312281439  00000001570000000000000000000029600000000000006000000000000000000  
111089018000000001107700001673672790208018895   00000001500000000000000000000121800000000000006000000000000000000  
111089018000000001107700001714928130213363245 00000001435000000000000000000152200000000000006000000000000000000  
111089018000000001271200000004061660204043061  00000001685000000000000000000002500000000000006000000000000000000  
111089018000000001272100000001469710211591235  00000001230000000000000000000152100000000000006000000000000000000  
111089018000000001107700001691291970212130371 00000001300000000000000000000148600000000000006000000000000000000  
111089018000000001107700001779608190207987736  00000001700000000000000000000039100000000000006000000000000000000  
51108901800250907000100000000000000000000000422939900000311                                                                     
99999999999999999999999999999999999999999999999999999999999999999999999999999999999999999999999999999999999999999999999999999999
